编号	价格	描述	入手条件	几部分	已购	衣服说明中的缩放比例	衣服说明中的坐标	衣服坐标
1001	200	这个发型怎么说呢……有点乡村女教师的感觉？		1	NO	1.0 	286,367	317,101
1002	200	简单的马尾辫，但是很有青春活力。		1	NO	1.0 	286,367	317,101
1003	800	看到这个发型你会想到什么？传说根据想到的不同东西可以判断你的年龄。不知道准不准。		1	NO	1.0 	286,367	317,101
1004	500	这个颜色看上去很神秘的样子。一个卖盗版游戏的告诉暖暖这个发型光彩照人。		1	NO	1.0 	286,367	317,101
1005	0	总是被人说：“头发后面的蝴蝶结好可爱！”可爱的蝴蝶结，可怜的发型。		1	YES	1.0 	286,367	317,101
1006	500	如果你想变得淑女的话，可以试试这款发型。		1	NO	1.0 	286,367	317,101
1007	3600	帅气的短发。据说会被女孩子表白的超强发型。等等，女孩子？！		1	NO	1.0 	286,367	317,101
1008	2500	被大海选中的女孩才配拥有的颜色。		1	NO	1.0 	286,367	317,101
1009	4200	有很多小辫子的复杂发型。据说能得到希腊女神的佑护。		1	NO	1.0 	286,367	317,101
1010	200	梳头的时候要默念：“发梢的小波浪啊，给予我更强的气场吧！”		1	NO	1.0 	286,367	317,101
1011	2500	盘来盘去盘成一个团子头的盘发。		1	NO	1.0 	286,367	317,101
1012	2500	如果梳这个出去女人味一定很足。现代的理发店很少给客人做这种发型。		1	NO	1.0 	286,367	317,101
1013	3600	银色的头发，很灵动的质感。		1	NO	1.0 	286,367	317,101
1014	800	给想变得成熟的女孩们的推荐发型。当然推荐也不意味着能得高分。		1	NO	1.0 	286,367	317,101
1015	1200	自由洒脱的街头女孩。什么？你敢说不可爱？！		1	NO	1.0 	286,367	317,101
1016	1600	很文静。梳这个发型的过程中就让人不知不觉安静了下来。		1	NO	1.0 	286,367	317,101
1017	1600	这好像是妈妈最喜欢的发型，觉得有点紧张。		1	NO	1.0 	286,367	317,101
1018	500	点点纹样的蝴蝶结给整个人增色不少。什么？蝴蝶结是搞活动赠送的，所以只要五百？		1	NO	1.0 	286,367	317,101
1019	1200	吓，好有水草的感觉。需要一点勇气来做这个发型。		1	NO	1.0 	286,367	317,101
1020	800	简单就是最美的。其实理发店老板想说：更多金币，更多美丽，就在理发店！		1	NO	1.0 	286,367	317,101
1021	1200	乍一看很新潮前卫。内在却有雍容华贵的高傲。现在打折促销所以才这么便宜。		1	NO	1.0 	286,367	317,101
1022	3600	要走萌路线！只要这个价格就能成为萌系少女，你还在等什么？		1	NO	1.0 	286,367	317,101
1023	1200	看上去很典雅。很多时候不要太张扬才会有好的效果。		1	NO	1.0 	286,367	317,101
1024	2000	呀呀，小萝莉，偶尔也要装下嫩的嘛。		1	NO	1.0 	286,367	317,101
1025	2000	很有青春的感觉。什么！？是随便乱绑的？好吧，青春就是乱绑的年纪。		1	NO	1.0 	286,367	317,101
1026	2500	很多很多很多年以前，它是智慧，美丽，勇敢的象征。		1	NO	1.0 	286,367	317,101
1027	800	大红的蝴蝶结看上去很有存在感。哎呀，这次蝴蝶结不附赠了。		1	NO	1.0 	286,367	317,101
1028	4200	知名发型师的作品，名叫‘高贵的少女’。不是海草公主吗？		2	NO	0.7 	296,332	386,94
1029	800	学生时代可以增加被表白几率的文静发型。		2	NO	1.0 	346,332	386,94
1030	2000	看起来好知性，不会变成知心姐姐吧。		1	NO	1.0 	346,353	386,94
1031	5000	My heart is rock！让人很想立刻站到聚光灯底下。		2	NO	1.0 	343,376	386,94
1032	3600	好像在哪里看到过……不管怎么说是个让人焕发光芒的漂亮发型。		2	NO	1.0 	344,327	386,94
1033	3600	金发女郎。做金发女郎的代价是三千六。什么？你起初不知道颜色？不关我的事。		2	NO	0.9 	328,318	386,94
1034	5000	暖暖看到吉普赛女郎后吵着要梳的发型。把理发店老板都难住了。拥有神奇的魔力。		2	NO	0.7 	292,323	386,94
1035	1200	这样的话一定是个乖乖女。或者想要装个乖乖女。但是，传说这是侦探套装的一部分。		1	NO	1.0 	337,327	386,94
1036	2500	想做个甜美的少女吗，试试这个吧！理发店这个月的推荐发型。		2	NO	0.9 	326,315	386,94
1037	6000	暖暖曾被公主接见时偷学的发型。暖暖怎么会认识公主？暖暖的故事多着呢。期待续作吧！		2	NO	0.9 	330,317	386,94
1038	1600	相传嫦娥奔月时留下了一盒月饼还有这个发型的制作方法。		1	NO	0.9 	329,347	386,94
1039	4200	怎么样都会瞬间御姐的发型。很受欢迎。		2	NO	1.0 	349,319	386,94
1040	6000	一样花开一千年，独看沧海化桑田。一笑忘穿一千年，几回知君到人间。千载相逢如初见。		2	NO	0.7 	284,329	386,94
1041	2500	这么长的双马尾很讨人喜欢。转起圈来会是什么感觉？		2	NO	0.8 	319,319	386,94
1042	1200	啊大辫子，曾经的流行，挺让人怀念的。你的妈妈曾经有一头大辫子吗？		2	NO	0.9 	330,324	386,94
1043	2000	这个发色上街一定很拉风。回头率百分之三百。		2	NO	1.0 	349,315	386,94
1044	3000	飘逸的长发。似乎会降低存在感的普通发型。不告诉你为什么普通发型这么贵。		2	NO	0.9 	319,328	386,94
1045	1200	渐变的发色，高科技的产物。去理发店太多次之后老板赠送的绝活发型。		2	NO	0.7 	285,323	386,94
1046	3000	卷卷卷卷卷，一定很有弹性！传说梳这个发型去女仆咖啡应聘百发百中。		1	NO	1.0 	349,332	386,94
1047	500	是不是这样就能做个甜美的御姐了？真的吗？……骗你的。		1	NO	1.0 	343,317	386,94
1048	3000	长短正合适。什么场合都合适。不信你试试？		2	NO	1.0 	346,332	386,94
1049	3000	大概会有母性的光辉吧。温柔的感觉。		2	NO	0.9 	329,322	386,94
1050	3600	气场会立即升华！战斗系女高中生华丽登场！		2	NO	1.0 	347,321	386,94
1051	5000	有点羞涩的发型。价格贵的离谱。原来是理发店老板初恋女友的发型。		2	NO	1.0 	340,308	386,94
1052	4200	很方便，每天不需要太多打理。简单的往往是最好的，信不信由你。		1	NO	1.0 	340,325	386,94
1053	800	偶尔装下小学生也不错。老板给女儿剪头发的时候蹭到的发型。物超所值。		2	NO	1.0 	355,342	386,94
1054	3000	传说中分是女王！优雅成熟性感是它的广告词。		2	NO	1.0 	337,314	386,94
1055	0	苏暖暖最喜欢的招牌发型。走到哪里都光芒四射。		2	YES	0.7 	325,328	386,94
2001	1000	这是妈妈某次参加舞会的礼服，觉得太年轻就卖给暖暖了。骗走了好多零花钱。		1	NO	0.5 	288,293	454,206
2002	2000	高贵的紫色，暖暖在一次冒险中击杀十恶不赦的女伯爵获得的战利品。女伯爵好像挺矮的。		1	NO	0.5 	284,309	454,206
2003	5000	这条奢华的长裙极少出现在平民家庭。闪闪发光的宝石意味着不菲的售价。		1	NO	0.5 	280,321	454,206
2004	4000	黑色如漫漫的长夜，缀于其上的是灿烂星河。		1	NO	0.5 	288,323	454,206
2005	8000	珍贵的汉服收藏。不要问暖暖是什么时候闯荡江湖结识千金小姐然后得到这件衣服的。		1	NO	0.5 	299,327	454,206
2006	8000	大气优雅的公主长裙，内衬上有一行小字，“拥有它，你就拥有了整座王国。”		1	NO	0.5 	282,322	454,206
2007	2600	因为穿出去回头率太高所以被压箱底的长裙。散发着黑色浪漫的气息。		1	NO	0.5 	284,314	454,206
2008	6200	暖暖儿童时代偶像的衣服。虽然是爸爸给的生日礼物。玩家还是要付出不小的代价获得它。		3	NO	0.5 	291,332	454,206
2009	2600	穿这件衣服需要很好的身材和勇气。为了证明身材也应该买下它。		1	NO	0.5 	290,319	454,206
2010	1500	据说穿上它能变成蝴蝶飞走……只有现在才有机会以奇迹般的低价得到这件精灵族的至宝。		1	NO	0.7 	317,341	417,232
2011	1000	令人无限遐想的女仆装。应该还有其他部件。		1	NO	0.8 	330,352	417,232
2012	3200	可爱的洋装。穿上它像从童话中走出的少女。		1	NO	0.8 	319,331	417,232
2013	3200	裙子的部分有很别致的设计。别致就是美。		2	NO	0.6 	289,326	417,232
2014	1500	把自己打扮得像个洋娃娃，生活会简单快乐许多。穿上它会有出海远行的冲动吗？		1	NO	0.8 	332,337	417,232
2015	1000	泡泡袖，还是能满足小女生当公主的愿望的，只是裙子部分差强人意。所以它是日常服装。		1	NO	0.8 	330,336	417,232
2016	2600	丝质的复古长裙。要不是略显过时它会身价飞涨的。		1	NO	0.6 	282,333	417,232
2017	1500	纯洁的礼服，再加上点蕾丝边就能在结婚时候穿了。		1	NO	0.6 	284,331	417,232
2018	2000	标签上写着爱丽丝的洋装。却让人不免联想起女仆……老板强烈建议你买下配套的头饰。		1	NO	0.7 	309,356	417,232
2019	1500	这是本店出售的很少有的几件正经服装之一。		1	NO	0.8 	328,337	417,232
2020	2600	姐姐很喜欢这件衣服，可是暖暖穿上它略显成熟。没办法，谁让暖暖衣服就是多。		1	NO	0.6 	290,321	417,232
2021	3200	据说穿旗袍很显身材。“穿旗袍要美”已经成为当今高帅富恋爱的主要条件。		1	NO	0.8 	325,334	417,232
2022	3200	显得很淑女的日常长裙。能让你成为一个带的出手的女朋友/女儿/女同学。		1	NO	0.6 	291,327	417,232
2023	4000	这件很显胸吧！对，这就是它珍贵的唯一理由！		1	NO	0.6 	285,331	417,232
2024	2000	从前有个卖盗版的告诉你如果买下它就能成为人群中的焦点。		1	NO	0.8 	331,341	417,232
2025	600	真正的好裙子就是不张扬不土气合身又舒服。妈妈说的话一定要记住。		1	NO	0.9 	310,327	386,233
2026	1500	听说连体裤很显腰，但是要怎么上厕所呢？这个问题连卖家也困扰着。		1	NO	0.9 	310,327	386,233
2027	3200	买了它就得去学跳舞了。裙子太短平时几乎没法穿。不对，跳舞就能穿了吗？		1	NO	0.9 	310,327	386,233
2028	2600	耀眼的黄色，霸气外露！上面还有令人费解的飞鸟纹样，更显出它的霸气。		1	NO	0.9 	310,327	386,233
2029	5000	每次抚摸这件衣服就会想起它的主人制作它的不易。所以请不要廉价地出售它。		1	NO	0.9 	312,342	386,233
2030	4000	白色好像很容易脏呀，穿的时候要小心翼翼……		1	NO	0.9 	319,334	386,233
2031	2000	诡异的三合一套装。究竟是什么原因使它成为一件连衣裙呢。请在APP评论处留言询问……		1	NO	1.0 	332,341	386,233
2032	3200	某次暖暖参加了微博转发活动得到的奖品。穿上它将获得幸运。幸运是无价的。		1	NO	0.9 	308,330	386,233
2033	0	这条连衣裙让人很有食欲！吃下它你将获得十万金币。……开玩笑的。		1	YES	1.0 	319,294	386,233
2034	2600	带子系在脖子后面的话被人抽掉了怎么办？虽然有小裙子的泳衣挺让人安心的。		1	NO	0.9 	304,336	386,233
2035	600	这件泳衣的颜色代表了海洋之魂。只卖六百金币是出于制作组的好心。你懂的。		1	NO	1.0 	326,345	386,233
2036	5000	露得越多卖得越贵。这一条很多时候不仅限于泳衣。		1	NO	1.0 	326,331	386,233
2037	600	很普通的小套装。普通到很多时候只能在家里穿穿。因此你花很少金币就能拥有它。		1	NO	1.0 	323,326	386,233
2038	3200	野性又性感的豹纹。派对女王就是你！		1	NO	1.0 	319,303	386,233
2039	4000	它有一个好听的名字叫繁星。晚上穿它出去会被误会是星空在走吗？		1	NO	1.0 	319,303	386,233
2040	1000	这不是一件泳衣！穿它游泳会掉下去的。当你入手某件饰品的时候会想起它。		1	NO	1.0 	319,303	386,233
2041	6200	如果这个游戏的内容是暖暖穿着它打僵尸，应该会畅销海内外。		1	NO	0.9 	342,338	418,240
3001	6000	暖暖曾在阁楼里找到过一枚胸针，她把它别在帅气的风衣上，并常常穿着它外出游玩。		2	NO	0.7 	281,342	372,241
3002	7200	传说穿上这件汉服将来可以做大官。作为外套来说，看不到里面的衣服不代表可以不穿。		2	NO	0.7 	271,335	372,241
3003	0	少女系的外套。质地半透明。不要懒到以为可以只穿外套就出门，会走光的。		1	YES	0.9 	285,341	352,247
3004	4600	有一个声音对你说，“披上它，你将成为水晶球的新主人。”		2	NO	0.9 	298,342	352,247
3005	1500	姐姐从遥远的大洋彼岸带回来的衣服。她居然连关税都要收！		1	NO	1.0 	305,360	352,247
3006	2400	估计入手了这件外套的每个人都在头疼什么场合可以穿上它。		2	NO	1.0 	297,339	352,247
3007	2400	用它配长裙吧，搭配上衣也许不合适。因为有制作组提示所以加收了一些费用。		1	NO	1.0 	283,373	327,221
3008	800	牛仔的话穿着一定帅气。可能有些紧？紧的原因似乎不能对女孩子说起。		1	NO	1.0 	283,371	327,221
3009	1500	外婆送给暖暖的针织衫，暖暖一直很珍惜它。一件永流传。		1	NO	1.0 	283,371	327,221
3010	5800	英姿飒爽的军人装的一部分。内衬写着一行小字：“不要在丛林里迷失自己。”		1	NO	1.0 	283,356	327,221
3011	3500	它黑色浪漫的气息吸引着你。你看着它发呆了好长时间。		1	NO	1.0 	287,421	327,221
3012	3500	理性而智慧。这件衣服让你不再感情用事，可以专注于细节和逻辑。		1	NO	1.0 	283,371	327,221
3013	4600	你愣住了。“难道不把两件外套穿在一起我就不能完成侦探套装吗？”你内心咆哮道。		2	NO	1.0 	290,390	327,221
3014	800	看尺寸就不大对劲。姐姐织了毛衣没送出去转手给了暖暖。找个机会扔了它吧？		1	NO	1.0 	280,340	327,221
3015	1500	街头艺人送给暖暖的临别礼物。忘带家门钥匙的暖暖是他唯一的观众。		1	NO	1.0 	288,357	327,221
4001	700	肩膀好看的人适合这件上衣。什么？你说它是连衣裙？真的会走光的。		1	NO	1.0 	319,338	368,244
4002	1200	这是姐姐强迫暖暖买下的，理由是不能再穿得孩子气了。		1	NO	1.0 	316,330	368,244
4003	5000	两件上衣合二为一，你说为什么要花金币购买组合体？这是突破程序限制的必要花费。		1	NO	0.7 	278,333	368,244
4004	0	悠闲的上衣。穿上它不知不觉悠哉起来。在家里可以直接穿，出门要配裤子比较好看。		1	YES	0.8 	278,340	368,244
4005	300	作为一件乱入到上衣类里的连衣裙它的压力很大。所以特别便宜。		1	NO	0.7 	278,333	368,244
4006	3300	好看的低胸装，前提是好看的胸。作为连衣裙它也压力很大可是它不便宜。		1	NO	0.7 	278,333	368,244
4007	0	某一年很流行的蝙蝠袖。暖暖参加居委会的折纸比赛赢来的奖品。		1	YES	1.0 	314,338	368,244
4008	1200	每个人都见过几个穿着这样的衣服的女孩。		1	NO	1.0 	289,364	331,229
4009	700	服装店的营业员热情地告诉你这件衣服让人御姐范十足。		1	NO	1.0 	280,360	331,229
4010	1800	高领短袖，是一件要和季节作对的可爱上衣。		1	NO	1.0 	289,341	331,229
4011	5000	传说世界上有一座在天空移动的岛屿名叫‘梦幻’，暖暖就是在那里得到了这件上衣。		1	NO	1.0 	289,341	331,229
4012	700	你在这件衣服上看到了更快更高更强的精神。		1	NO	1.0 	289,341	331,229
4013	300	普通的汗衫，但是纯棉的很贴身。一口气打包买十件可以打八折。		1	NO	1.0 	289,360	331,229
4014	2500	心形图案很受欢迎哦，现在买还附赠外套，什么？你不想要外套？不行，一定要外套。		1	NO	1.0 	289,360	331,229
4015	4200	穿上像民国时的学生。好像是剧组的服装？花了好大心思才搞来的谢绝还价！		1	NO	1.0 	289,360	331,229
4016	300	不管发生再糟糕的事情，当你睁开眼睛的时候穿着这件衣服你就会安心。		1	NO	1.0 	289,341	331,229
4017	2500	这好像是哪次学校运动会时发的衣服，但是暖暖忘还了……别的地方买不到的好吗！		1	NO	1.0 	289,360	331,229
4018	1800	看起来好凉爽！手臂完全没有束缚，线条尽展无遗！		1	NO	1.0 	276,362	331,229
4019	1800	把某国国旗穿在身上真的没问题吗……应该没问题吧，反正我们是多语言版的。		1	NO	1.0 	289,362	331,229
4020	3300	它代表了很多人青春时代的回忆！也许不被要求你就不会穿它，但是回忆无价！		1	NO	1.0 	289,360	331,229
4021	300	挺有OL气质的衬衣。‘也许你想要一幅眼镜？”你在购买它的时候眼镜店员跑过来说。		1	NO	1.0 	289,369	331,229
4022	1800	买下这件小马甲附赠绅士气质一份。		1	NO	1.0 	289,369	331,229
4023	3300	穿水手服乱晃会不会引来怪叔叔……？总之独特的魅力让它物有所值。		1	NO	1.0 	289,362	331,229
4024	2500	成熟一点胜人一筹！职场女性推荐装束！		1	NO	1.0 	289,341	331,229
4025	2500	妇女节商场全场五折时暖暖抢回来的。说起来五折也不便宜。该死的商场。		1	NO	1.0 	281,375	331,229
4026	2500	看起来特别简单，穿起来特别有型。大部分女孩都希望有能穿这件衣服的身材。		1	NO	1.0 	289,362	331,229
4027	700	如果暖暖是模拟经营游戏女主角的话，这件衣服应该是初期经营的法宝。		1	NO	1.0 	289,341	331,229
4028	700	暖暖某次期末考试考了第一时妈妈奖励的衣服。很有纪念意义！		1	NO	1.0 	285,380	331,229
4029	1200	我想不出来给它写什么介绍，如果你有好的建议可以发邮件给我。没有大奖在等着你。		1	NO	1.0 	289,374	331,229
4030	1800	汉服的一部分，名叫中衣。汉服有好多部分大家要好好学习哦。		1	NO	1.0 	289,341	331,229
4031	4200	汉服的一部分，名叫袄。也不知道这介绍写的对不对……总之看这做工就不便宜！		1	NO	1.0 	289,341	331,229
4032	300	泡泡袖式衬衫，集青春甜美正经智慧知性于一身的完美上衣！		1	NO	1.0 	289,341	331,229
4033	4200	看上去像欧洲的古老款式，穿上它就一只脚迈进了上流社交圈。		1	NO	1.0 	289,369	331,229
4034	3300	虽然有Waiter的感觉，可它会提升逻辑和智慧属性。货真价实童叟无欺。		1	NO	1.0 	289,369	331,229
4035	2500	暖洋洋暖洋洋。暖暖怎么能错过这样的上衣？		1	NO	1.0 	289,341	331,229
4036	1200	据大喵说这件衣服是由草莓的鲜血染成的。		1	NO	1.0 	289,341	331,229
4037	1200	你觉得它很普通吗？错了！它来自爱琴海圣托里尼，蓝白色的天堂！		1	NO	1.0 	289,352	331,229
4038	4200	虽然你不知道什么时候该穿它，但是你一眼就能看出它的价值！		1	NO	1.0 	278,382	334,230
5001	1800	古人穿衣服确实很繁琐，这样的组合会不会在现代引领某种时尚？		1	NO	1.0 	331,341	397,387
5002	1200	拨开裙子上的灰尘仿佛在解开一个遥远年代的记忆封印。		1	NO	1.0 	336,332	397,387
5003	300	恭喜你获得一条活泼可爱舒适度满点的便宜裤裤！		1	NO	1.0 	334,322	397,387
5004	700	这是暖暖的妈妈用第一个月的打工钱买下的裤子，很有纪念意义。		1	NO	0.6 	281,339	397,387
5005	2500	你曾有一条这样的长裤吗？它还在你的衣橱里吗？		1	NO	0.7 	291,331	397,387
5006	300	妈妈的裤子，被暖暖误塞到她的衣橱里了。不要计较为什么要收三百……		1	NO	0.6 	281,339	397,387
5007	2500	买大喵时候送的。它和某件上衣某件外套很配哦，找到的话请AT我们微博。		1	NO	0.8 	317,320	397,387
5008	1200	“穿上它，然后赢得战争的胜利。我的女士。”		1	NO	0.7 	291,332	397,387
5009	2500	暖暖独自旅行的时候突然降温所以不得不买下的裤子。		1	NO	0.7 	291,331	397,387
5010	2500	很流行的小清新长裙，具有让人想坐在午后的咖啡馆写明信片的神奇力量。		1	NO	0.6 	276,352	397,387
5011	1200	汉服的一部分，名叫‘绔’，纨绔子弟的绔！		1	NO	1.0 	332,338	397,387
5012	4200	汉服中的‘裙’，多此一举了，大家都知道这是裙。但是现代也可以穿。		1	NO	0.6 	266,342	397,387
5013	2500	和姐姐一起在地摊上淘的裤子，质量似乎还不错。突显小腿线条。		1	NO	0.7 	291,331	397,387
5014	300	用窗帘做的长裙。收个窗帘的成本费不过分吧……		1	NO	0.7 	292,335	397,387
5015	700	老裁缝说：“这是一条经典的裤子，这是一种经久不衰的裤型。”		1	NO	1.0 	335,326	397,387
5016	1800	穿着它坐到草地里就看不到下身了吧。不要随便联想。		1	NO	0.7 	291,331	397,387
5017	1800	浪漫之神愿意实现你三个愿望。你说要完美的身材！于是他给了你这条短裤。		1	NO	1.0 	297,389	367,387
5018	1200	少女系的短裤。走到哪儿都让人眼前一亮的肤白嫩美的象征。		1	NO	1.0 	297,385	367,387
5019	3300	这条看上去好红火。红火就是青春的颜色。暴走吧！少女！		1	NO	1.0 	297,385	367,387
5020	3300	好短的热裤，不过是热裤的话就不会嫌短吧？是时候性感起来！		1	NO	1.0 	297,394	367,387
5021	1200	看质地好像是皮的，皮衣皮裙这种东西要藏起来不能被妈妈看见吧？		1	NO	1.0 	297,385	367,387
5022	300	在美少女战士风靡的时候老裁缝做了一大批这样的裙子，现在还在卖。		1	NO	1.0 	297,380	367,387
5023	0	据说这是暖暖嫌长裤太热所以把裤腿剪了改装而成的。		1	YES	1.0 	297,389	367,387
5024	3300	传说穿上这条裙子即使四十岁还可以去主持儿童节目。什么？你想要尾巴？		1	NO	1.0 	297,380	367,387
5025	3300	学园风的格子裤走到哪里都不显得突兀或者过时。		1	NO	1.0 	297,389	367,387
5026	700	穿着它的时候你时常会想为什么要穿上它的一种裙子。		1	NO	1.0 	297,376	367,387
5027	700	汉服中的‘衬裙’，白白的很纯洁，直接穿出去也会受欢迎。		1	NO	1.0 	297,384	367,387
5028	5000	传说东海边有座乐园之塔，塔顶的宝箱里放着一条有着华丽裤脚的短裤。		1	NO	1.0 	297,382	367,387
5029	2500	介绍得太多就不好玩了，你会知道这条裤子的意义的……		1	NO	1.0 	297,384	367,387
5030	0	你要穿过荒原，打败部落守卫，才能在溪流边的盒子里找到这条牛仔短裙。		1	YES	1.0 	297,384	367,387
5031	1200	宝蓝的裤子好像挺稀有的，但是有一种低调的华丽的感觉。		1	NO	1.0 	297,389	367,387
5032	700	这个料子看上去很滑的样子，好想摸一下。嗯，摸摸看……不是太滑呢。		1	NO	1.0 	297,384	367,387
5033	4200	在离时装周的场馆不远处的地摊上出售的“永不过时的时尚流行”。		1	NO	1.0 	297,385	367,387
5034	5000	顶级服装店的店员悄悄跟你说：“穿外套会破坏这条裙子的品味。”		1	NO	1.0 	297,394	367,387
5035	1800	暖暖第一次网购时拍下的裙子。拿到手的时候表情凝固了……		1	NO	1.0 	297,385	367,387
5036	300	如果暖暖是RPG的女主角，在打败大魔王后捡到这个短裤你会是什么表情？		1	NO	1.0 	297,385	367,387
5037	1800	半条牛仔裤，整条就要卖三千六了真的。		1	NO	1.0 	320,360	398,387
6001	600	据说姐姐当初差点把这双袜子抢过去，但得知被暖暖穿过后就放弃了。		1	NO	1.0 	287,368	317,734
6002	0	长期保持洁白是件很累的事。保持纯洁呢……？“不要随便联想。”暖暖说。		1	YES	1.0 	287,386	317,734
6003	2000	买猫粮时送的，不要问为什么猫粮上会绑双袜子，暖暖也不知道……		1	NO	1.0 	287,386	317,734
6004	1200	这是汉服中的……你猜是什么？没错，是‘袜’。		1	NO	1.0 	287,378	317,734
6005	600	普通的袜子。小女孩喜欢穿着它到处乱跑。它是看着暖暖长大的。		1	NO	1.0 	287,368	317,734
6006	1200	拉伸感很显腿型的袜子。超市里随处可见，可是我们这儿卖的比较贵。		1	NO	1.0 	297,317	336,595
6007	0	竖条纹会把腿显得很长。什么？你更想要黑丝？那你多玩一会儿吧。		1	YES	1.0 	297,317	336,595
6008	600	怎么说呢这双袜子好像黑色的人体彩绘。		1	NO	1.0 	297,317	336,595
6009	2000	很有质感的少女袜，少女的气息会让人心生怜惜，助你披风斩棘无往不利。		1	NO	1.0 	297,317	336,595
6010	1200	如果是养成游戏购买这双袜子就可以给暖暖增加魅力值。		1	NO	1.0 	297,326	336,595
6011	5500	这个蕾丝边是心灵手巧的暖暖自己加的哦。这份热情必须值这个价格！		1	NO	1.0 	297,317	336,595
6012	3000	蓝色的袜子是有点惹眼啦，不过还是推荐各位女生试试。		1	NO	1.0 	297,326	336,595
6013	3000	好像是哪位大师给千金小姐量身定做的袜子。这是一双复制品。		1	NO	1.0 	297,317	336,595
6014	3000	六个蝴蝶结代表着六种信仰，可爱，美丽，漂亮，漂亮，美丽，可爱。		1	NO	1.0 	297,317	336,595
6015	1200	浪漫之神的三个愿望，你要伟大的事业，他说：穿上它！站起来！拯救世界！		1	NO	0.8 	271,241	333,401
6016	600	说实在的连裤袜穿起来好不方便……但是很有魅力。六百绝对是福利。		1	NO	0.7 	251,321	333,401
6017	2000	这双袜子薄如蝉翼，是魔女的杰作之一。		1	NO	0.7 	251,331	333,401
6018	2000	你在别的换装游戏里见过这么性感的黑丝吗。哎哟，我有点不要脸了。		1	NO	0.8 	271,246	333,401
6019	3000	传说天使都穿着这样纯白如雪的连裤袜。		1	NO	0.7 	251,331	333,401
6020	4200	暖暖曾经穿着它一脚踹死大魔王。传奇就是传着传着就奇了的故事。		1	NO	0.8 	271,241	333,401
6021	4200	吊带袜让人们迷醉，疯狂，相思，相守。是很多浪漫故事的起点和终点。		1	NO	0.7 	250,323	333,401
6022	6800	也许你想买一双给自己或者给女朋友的终极漂亮袜子。		1	NO	0.8 	271,241	333,401
6023	8000	人类的三个永恒主题，爱情，战争，死亡都围绕着这样一双王族吊带袜。		1	NO	0.7 	251,331	333,401
6024	5500	这双网袜的网眼可以过滤掉幼年的小鱼。是一条环保的网袜。		1	NO	0.7 	251,331	333,401
7001	0	姐姐把这双鞋买回来的时候发现小了一码，很不舍得地送给了暖暖。		1	YES	1.0 	296,316	330,651
7002	4000	很有气场的长靴，店员说它来自欧洲小镇的一名老鞋匠之手。		1	NO	1.0 	297,345	330,651
7003	2500	穿这双鞋出去很容易被踩脏的吧……要避免去人挤人的场合。		1	NO	1.0 	297,354	330,651
7004	2000	由钢丝组成的鞋？！开个玩笑，缎带很可爱。		1	NO	1.0 	297,354	330,651
7005	1000	彩色系的，很像马戏团用品啊。颜色一定是为了吸引观众眼球吧。		1	NO	1.0 	296,322	330,651
7006	1500	如果被大喵看见了一定会用剪刀把鞋带剪断的。或者是用爪子？真令人捉急。		1	NO	1.0 	297,345	330,651
7007	2500	同样款式的靴子有两双，这双粉红色的贵在它难以被利器割断的鞋带上。		1	NO	1.0 	297,345	330,651
7008	1500	打开你的鞋柜一定有几双不起眼但是经常穿的鞋子。		1	NO	1.0 	296,318	330,651
7009	4000	它非常柔软，无论身在光明或黑暗，舞者都离不开这样一双鞋子。		1	NO	1.0 	296,318	330,651
7010	600	……这确定不是从姐姐的鞋柜里偷来的……雨鞋吗？我们的美术说这当然不是雨鞋。		1	NO	1.0 	297,345	330,651
7011	1000	这双鞋激发了你出去走走的冲动。那么，去参加登山比赛怎么样？		1	NO	1.0 	297,400	321,778
7012	0	因为数次被细高根崴了脚后暖暖决定买双粗根。		1	YES	1.0 	297,400	321,778
7013	1000	蓝色看上去很跳脱，同时这种颜色的鞋子也很少。恭喜你得到了稀有物品。		1	NO	1.0 	297,406	321,778
7014	2000	老式样的布鞋，现在有勇气穿它们的年轻人已经很少了。其实真挺舒服的。		1	NO	1.0 	297,400	321,778
7015	2000	人的生活中总得有双拖鞋，懒人的生活中全是拖鞋。		1	NO	1.0 	297,400	321,778
7016	300	好像巧克力，好想咬一口。巧克力牌凉鞋丝滑浓郁口口留香。		2	NO	1.0 	297,400	321,778
7017	4000	高根鞋穿累了偶尔要换平底的，这样走起路来就感觉身轻如燕了。……好像哪里不对？		1	NO	1.0 	297,400	321,778
7018	2000	长途旅行的时候你会需要这样一双鞋子，它被你丢在了青春的角落里。		1	NO	1.0 	297,406	321,778
7019	4000	当暖暖穿破了几双鞋子赢得登山比赛的时候发现大奖竟然是这样一双高跟鞋。		2	NO	1.0 	297,402	321,778
7020	1500	鞋子前端的蕾丝是从姐姐衣服上剪下来的。暖暖希望你不要说出去哦。		1	NO	1.0 	297,400	321,778
7021	1500	大喵说暖暖第一次穿的时候就把跟弄断了，现在的跟是后来装上去的。		2	NO	1.0 	297,410	321,778
7022	4800	它散发着致命的浪漫让你欲罢不能。穿上它，寻找它的伙伴，成为命运的主宰。		2	NO	1.0 	297,408	321,778
7023	300	穿上它你将迅捷如风，如电，如声音，如飞逝的时光。		1	NO	1.0 	297,400	321,778
7024	2500	暖暖在漫长的战争中存活了下来，惊愕地发现坏掉的皮鞋变成了简单的凉鞋。		1	NO	1.0 	297,406	321,778
7025	600	黑色小皮鞋，清仓大甩卖的鞋店店员甩泪推荐。你值得拥有。		1	NO	1.0 	297,400	321,778
7026	1500	小道消息说这是用人类迄今为止捕获的最大的巨鳄皮制作的皮鞋。		1	NO	1.0 	297,400	321,778
7027	1500	暖暖参加小清新咖啡馆的手绘明信片活动得到的蝴蝶结小皮鞋。		1	NO	1.0 	297,400	321,778
7028	4800	暖暖因为成功抢购到这双鞋子而手舞足蹈了很久。驾驭它需要一定的气场。		1	NO	1.0 	297,406	321,778
7029	1000	广告牌说：“得到它不需要花费太多精力，却可以享受穿着它的每一秒钟。”		1	NO	1.0 	297,400	321,778
7030	7000	精巧的蝴蝶证明了它的高贵品质。精灵女王将它赠予你希望你牢记和精灵们的友谊。		1	NO	1.0 	297,402	321,778
7031	1000	暖暖用打工的钱在打工的店里买回来的一双鞋。		2	NO	1.0 	297,400	321,778
7032	4800	你不会吝啬多花一些金币购得这双鞋吧。它的特效是降低表白被拒的几率。		1	NO	1.0 	297,410	321,778
7033	600	妈妈看中的一双鞋，尽管暖暖不太喜欢但妈妈还是硬帮她买下了。		1	NO	1.0 	297,400	321,778
7034	300	这应该是一双胶鞋，虽然鞋带不太科学，走泥地过浅滩还是用得上它。		1	NO	1.0 	297,414	321,778
7035	3200	如果有男生悄悄把这样一双鞋放在你的课桌上，你会接受他吗？		1	NO	1.0 	297,406	321,778
7036	3200	款式简单大方。寥寥数笔就勾勒出一双鞋子的形状。高深的技艺让它价值不菲。		1	NO	1.0 	297,400	321,778
7037	2000	传说中每穿一次这双鞋就能召唤出大喵进行吐槽。		1	NO	1.0 	297,406	321,778
7038	1500	夹脚拖鞋是在夏天经久不衰的清凉经典款式。去度假请带上一双！		2	NO	1.0 	297,400	321,778
7039	1500	这个款式好像会显脚大，会吗？给暖暖穿上试验一下……		2	NO	1.0 	297,400	321,778
7040	2500	很大胆的颜色搭配。在这一堆鞋子里难得地闻到了一丝时尚的气息……		2	NO	1.0 	297,404	321,778
7041	2000	唔……这双鞋好像有点老式，什么？鞋底有外婆画的藏宝图？！藏宝图可不值这个价！		1	NO	1.0 	297,400	321,778
7042	300	非常正式的鞋。为了面试而买下来，平时不怎么会穿的样子。		1	NO	1.0 	297,400	321,778
7043	2500	木屐？暖暖穿上它一定会摔倒的，大喵说赶紧买下来赶紧买下来……		1	NO	1.0 	297,400	321,778
7044	300	边陲的半兽人们仿造人类技术制作的鞋子，款式不咋的，皮料却是上品。		1	NO	1.0 	297,400	321,778
7045	2500	卖鞋的说两朵大花代表着高贵和荣耀。其实正是这花让你犹豫要不要买下它……		1	NO	1.0 	297,400	321,778
7046	5800	想成为派对核心吗？想变得光彩夺目吗？大巫女为它施上了成为万人迷的诅咒！		1	NO	1.0 	297,406	321,778
7047	3200	鞋面好像肚兜……有点吃不消这样的设计……		2	NO	1.0 	297,400	321,778
7048	3200	穿着它来回踱步发出啪嗒啪嗒的响声，空气中弥漫着烧焦的烟草的味道。		1	NO	1.0 	297,400	321,778
7049	5800	暴雨的夜晚，一个神秘的波西米亚人将它送给你，并祝愿你一辈子的好运。		1	NO	1.0 	297,406	321,778
7050	3200	即使是童话世界里也只有有钱人家的小女孩会穿这么可爱的鞋子。		1	NO	1.0 	297,404	321,778
7051	2000	暖暖玩刮刮乐唯一中的一次奖。其实挺潮的一双鞋子。		1	NO	1.0 	297,400	321,778
7052	1000	传说午夜十二点之后辛德瑞拉的水晶鞋就会变成这个样子。		1	NO	1.0 	297,400	321,778
7053	600	如果你觉得这鞋子没什么大不了就错过了一次被王子找到的机会。好吧这是胡说八道。		1	NO	1.0 	297,400	321,778
7054	600	适合在咖啡店里坐一下午的鞋，它让人显得安静，明媚，而忧伤。		1	NO	1.0 	297,402	321,778
7055	2000	这双鞋子价值连城……因为，你穿着它干什么都行？！		1	NO	1.0 	297,400	321,778
7056	7000	请穿上它然后俯视众生。你迈步前行，便有无数人追随你。		1	NO	1.0 	297,406	318,780
8001	9999999	妈妈送给暖暖的珍珠项链。	随机	1	NO	1.0 	257,413	280,192
8002	3000	项链上似乎是某种古代纹饰，会有古代的力量佑护你。		1	NO	1.0 	241,411	280,192
8003	9999999	江川南把它送给暖暖时有些脸红。不知道他什么时候买的。	75A	1	NO	1.0 	268,462	280,192
8004	9999999	设计师手工制作的耳钉，要知道做首饰不是他的强项，却充满诚意。	72A	1	NO	1.0 	275,474	280,192
8005	0	在吸血鬼浪漫爱情电影流行时买下来的。但是……这样帅气的吸血鬼就不敢靠近了吧。		1	YES	1.0 	241,411	280,192
8006	3000	尽管不是近视眼，有时也要知性一点。能瞬间改变气场的饰品中的极品。		1	NO	1.0 	227,459	280,192
8007	9999999	这副眼镜没有镜片。没有镜片的眼镜才是时尚的眼镜。	随机	1	NO	1.0 	227,459	280,192
8008	3000	充满工业时代迷人气质的重金属狂野项……圈。		1	NO	1.0 	241,411	280,192
8009	3000	有些装束缺了领子和领结就缺了灵魂和生命。		1	NO	1.0 	241,411	280,192
8010	3000	暖暖的一名追求者偷偷送的，奇葩的是送完后居然没留下名字。		1	NO	1.0 	241,398	280,192
8011	3000	华丽的彩金项链，也只有在正式场合才舍得戴。暖暖扶老奶奶过马路得到的礼物。		1	NO	1.0 	241,411	280,192
8012	9999999	少女风的耳坠，带上很有动感又有青春活力。	随机	1	NO	1.0 	236,448	280,192
8013	3000	漂亮的项链，令人神往的异族风情。异族的商贩热情地将它给你戴上。		1	NO	1.0 	241,411	280,192
8014	9999999	也不知道是头饰还是耳饰……戴上看看吧？	随机	1	NO	1.0 	274,462	280,192
8015	3000	怎么说呢让人想起乡村音乐，散发着清新自然气息的缎带颈饰。		1	NO	1.0 	241,411	280,192
8016	3000	暖暖从即将沉没的大船上救下了一对气质不俗的母女，这个是她们的谢礼。		1	NO	1.0 	271,453	280,192
8017	8000	应该是某件礼服的领子，上面的这颗名叫‘深蓝礼赞’的宝石已经失踪了一个多世纪。		1	NO	1.0 	241,411	280,192
8018	3000	暖暖捡到这对耳环的时候公主刚刚率领她的军队经过这个小镇。道路上还残留着马蹄印。		1	NO	1.0 	268,450	280,192
8019	9999999	镜片反光的话会看起来像大反派。一个穷困潦倒的侦探把它卖给了江川南。	75A	1	NO	1.0 	214,438	280,192
8020	5000	传说戴上这颗名叫‘魔鬼之心’的红宝石就可以轻易吞噬男人的心。		1	NO	1.0 	251,419	280,192
8021	9999999	把腰束得很细的细腰腰带。是不是很拗口的介绍？	随机	1	NO	1.0 	252,337	310,248
8022	3000	不知为什么姐姐看到这个时异常兴奋，就自掏腰包帮暖暖买下了。推荐无袖时佩戴。		1	NO	1.0 	319,397	310,248
8023	9999999	酒保说参加派对的女孩子必须买一个尾巴。暖暖紧张兮兮地买了，发现别人都没买。	9S	1	NO	1.0 	304,310	310,248
8024	9999999	寄托了家人和爱人的思念。是一枚绝不可以丢弃的护身符。	35S	1	NO	1.0 	261,436	310,248
8025	3000	一个波西米亚人好心提醒你，走进丛林前最好在腰带上的小包里放进驱赶猛兽的香料。		1	NO	1.0 	252,318	310,248
8026	9999999	吉普赛女郎抚摸着暖暖的额头，说她就是明日之星。于是暖暖开心地买了个六芒星挂坠。	37S	1	NO	1.0 	256,394	310,248
8027	3000	这是……大喵的尾巴吗？		1	NO	1.0 	259,410	208,358
8028	3000	沙漠中的商队正在出售的发饰，据说除了能引导方向还能引导突如其来的爱情。		2	NO	1.0 	478,250	451,48
8029	3000	象征着和平与爱的头饰，赞颂来之不易的平和安宁。		1	NO	1.0 	281,373	325,61
8030	3000	兔子耳朵与你同在！花花公子与你同在！今夜你将是最迷人的女孩！		1	NO	1.0 	268,410	325,61
8031	3000	田园风的帽子，戴上一定很淑女吧。请对着阳光轻轻微笑。		2	NO	1.0 	299,358	325,61
8032	3000	从阁楼里找到这顶帽子，里面的昏沉呛得暖暖不停地咳嗽。		2	NO	1.0 	283,376	325,61
8033	8000	栩栩如生的蝴蝶耳环，什么？本来就是会动的蝴蝶？精灵们的魔法真让女孩心动。		1	NO	1.0 	290,356	325,61
8034	9999999	去健身房的路上暖暖买到了这样的头饰，似乎很适合某套服装。然后她就回家了……	48S	1	NO	1.0 	277,354	325,61
8035	3000	你仿佛看到一只米老鼠一蹦一跳地向你走来。		1	NO	1.0 	271,394	325,61
8036	3000	大喵从不知道哪里叼来的一个蝴蝶结。		1	NO	1.0 	281,403	325,61
8037	9999999	暖暖觉得这对耳朵比大喵的耳朵还要萌。	23S	1	NO	1.0 	268,387	325,61
8038	3000	粉红色的蔷薇花，期待转角遇见浪漫邂逅的少女都会买下它。		1	NO	1.0 	281,381	325,61
8039	9999999	童话中走出的小镇女孩在路边兜售这样的发饰，谁会不想买一个呢？		1	NO	1.0 	316,363	325,61
8040	9999999	另一个田园风的帽子，不过怎么这么像草帽？好吧，大概本来就是。		2	NO	1.0 	287,359	325,61
8041	9999999	戴上它，没有人知道你从哪里来，也没有人知道你要往哪里去。	随机	1	NO	1.0 	268,339	325,61
8042	3000	很有海洋的味道，平时戴着又很清爽。“海洋的女儿请接受我的祝福。”		1	NO	1.0 	304,375	325,61
8043	9999999	它叫‘刹那芳华’。如同从历史长河中沐浴而归的美人。	4S	1	NO	1.0 	275,378	325,61
8044	9999999	设计师获奖时公主作为颁奖嘉宾弄丢了奖品，所以情急之下把无价的头冠赠予他。	72A	1	NO	1.0 	275,390	325,61
8045	3000	前面的黑纱给人捉摸不透的神秘感。人称‘黑暗夫人’的女士临行前将它送给了暖暖。		1	NO	1.0 	302,378	325,61
8046	5000	这顶帽子往往唤起人们对正义的追求，以及对智慧的狂热。		1	NO	1.0 	290,372	325,61
8047	9999999	可不是什么时候都能戴这么一个大蝴蝶结在头上！暖暖完成的手工作品之唯一。	随机	1	NO	1.0 	286,387	325,61
8048	9999999	表演结束时暖暖在一片狼藉的舞台上捡到的。不是道具，也好像不属于这个时代的样子。	59S	1	NO	1.0 	272,391	325,61
8049	9999999	技艺高超心灵手巧的前辈模特姐姐教给暖暖一个新的妆容。	49S	1	NO	1.0 	237,426	286,172
8050	9999999	恭喜你完成十个任务，妈妈教给暖暖一个新的妆容。	10个任务	1	NO	1.0 	237,426	286,172
8051	9999999	神秘的伯爵夫人从黑暗中走出来，教给暖暖一个新的妆容。	随机	1	NO	1.0 	237,426	286,172
8052	9999999	恭喜你完成二十个任务，姐姐教给暖暖一个新的妆容。	20个任务	1	NO	1.0 	237,426	286,172
8053	9999999	恭喜你完成三十个任务，好朋友教给暖暖一个新的妆容。	30个任务	1	NO	1.0 	237,426	286,172
8054	9999999	恭喜你完成四十个任务，卖盗版游戏的教给暖暖一个新的妆容。	40个任务	1	NO	1.0 	237,426	286,172
8055	9999999	恭喜你完成五十个任务，居委会大妈教给暖暖一个新的妆容。	50个任务	1	NO	1.0 	237,426	286,172
8056	9999999	恭喜你完成六十个任务，被暖暖帮助过的人们教给暖暖一个新的妆容。	60个任务	1	NO	1.0 	237,426	286,172
8057	9999999	恭喜你完成七十个任务，公主教给暖暖一个新的妆容。	70个任务	1	NO	1.0 	237,426	286,172
8058	9999999	突然有一天，大喵教给暖暖一个新的妆容。	随机	1	NO	1.0 	237,426	286,172